Id,SalePrice
1461,123403.70913670278
1462,154908.39766519694
1463,183788.90026576226
1464,198568.80005187806
1465,191388.66339496872
1466,173653.5735023001
1467,178723.05689515706
1468,166296.93287333092
1469,188225.93974896087
1470,123156.93661809216
1471,187777.54011221693
1472,101792.03996384134
1473,98833.9712882447
1474,148711.2050278942
1475,116070.24011561133
1476,366861.81887672143
1477,252402.9732608057
1478,284007.2457288692
1479,280580.4222939908
1480,495395.0595001757
1481,327426.0734995275
1482,208267.94401503893
1483,177517.77116338935
1484,165692.7239373148
1485,184822.2531105842
1486,195720.771486592
1487,329679.9102627845
1488,228392.8263100872
1489,194255.50245007954
1490,235294.82107484387
1491,190508.09230653814
1492,93898.2115843511
1493,182084.69146365035
1494,292440.0494252382
1495,274914.924517068
1496,237706.61175238364
1497,183313.22679617687
1498,172992.66076988832
1499,164148.2839186951
1500,158100.21417934517
1501,181662.47914505415
1502,150618.77218004127
1503,261197.533615337
1504,241834.6784187696
1505,226779.10563612496
1506,188477.39612064068
1507,247750.9948127244
1508,201643.848720912
1509,166291.39283142713
1510,146528.47329712447
1511,150838.5264389933
1512,169014.75434804297
1513,144307.09136118498
1514,154154.57274851887
1515,192495.68672849538
1516,150176.33943101714
1517,164870.00618620735
1518,129993.71467002213
1519,209761.58376193643
1520,135575.87179012774
1521,136998.4532169066
1522,170852.76931184708
1523,115304.38707573614
1524,124960.86163900368
1525,121803.85325415358
1526,111460.22487618249
1527,108294.6089272324
1528,140138.86926250288
1529,152579.23566013682
1530,179883.45985682914
1531,115555.54678788711
1532,95996.23967353611
1533,148577.5639113919
1534,128261.59252774529
1535,152477.5426101424
1536,104954.2483432162
1537,58676.8315210972
1538,148619.53909237703
1539,206527.48983023173
1540,97029.26870851753
1541,145005.71711096854
1542,137174.78725178525
1543,202917.3782683825
1544,82208.20025675681
1545,110913.43673111731
1546,134309.30204747984
1547,131683.79993267998
1548,138823.2422727672
1549,122481.77645716282
1550,134015.1059371075
1551,105705.78771860829
1552,140018.31628724126
1553,147715.377596518
1554,120058.09847310756
1555,161190.88058291274
1556,89251.80976918609
1557,107707.57402513373
1558,102652.95541131833
1559,65228.46780691645
1560,139184.57860386802
1561,134490.79625173757
1562,131719.11319332613
1563,119502.64733896185
1564,157582.25157689213
1565,147258.88408371792
1566,226803.18448660662
1567,78556.97671829142
1568,233541.94087918135
1569,133829.20525653294
1570,134977.6480954416
1571,124008.46528423422
1572,144800.57836462674
1573,236232.06956949065
1574,120676.41386977192
1575,217730.71631305167
1576,231925.61699084696
1577,184121.04816990718
1578,151725.63042673364
1579,146946.1685932837
1580,192425.61399016087
1581,150121.92797391547
1582,127547.4093991468
1583,291835.9683689547
1584,221778.5328382953
1585,141884.60075324224
1586,75765.71798074427
1587,107910.48392364173
1588,150366.88952382546
1589,95946.29082767568
1590,132622.56788099674
1591,96157.55139534616
1592,120263.81108342222
1593,128600.54662478359
1594,128191.22622280789
1595,113381.43855416811
1596,225473.4196152904
1597,195572.15848904746
1598,216778.90524372147
1599,169819.61779559313
1600,155880.07804827878
1601,67765.05686530292
1602,119592.4508783344
1603,73598.60299467109
1604,260637.24074986493
1605,238071.64602966688
1606,167285.19956175625
1607,166844.9905511739
1608,207688.83216687024
1609,181944.93774152765
1610,152929.41275892596
1611,136452.98085033364
1612,169594.418855376
1613,163094.3124206702
1614,123717.4328330673
1615,92215.05382195923
1616,78506.0259243746
1617,92627.06463500667
1618,126492.8945547156
1619,144829.51600750154
1620,167635.42413989178
1621,133442.21478460298
1622,146286.89021825438
1623,256529.1193786075
1624,210054.47509978458
1625,122981.23612190706
1626,166955.2617744073
1627,190148.25071818495
1628,278360.0477143786
1629,184324.1675074191
1630,351170.9072788416
1631,227030.84116477935
1632,245045.88917205017
1633,172718.08447638122
1634,186515.8159025338
1635,175653.68594888924
1636,155766.35348211264
1637,196059.49974646125
1638,185162.3175159366
1639,185954.33932857378
1640,256180.73288240517
1641,181330.40872137924
1642,234313.73694663405
1643,225082.82355905464
1644,236865.04768031804
1645,198089.3922748562
1646,161496.7867814616
1647,157531.7080085571
1648,134351.60374345165
1649,140491.98141853616
1650,114768.34037529753
1651,120898.04549829445
1652,100428.92501283814
1653,102085.75822204654
1654,149989.12317883284
1655,143553.5454423082
1656,145398.27070406207
1657,150685.12606332038
1658,149596.23210134506
1659,123719.67920127175
1660,157627.7176354146
1661,425393.1598962969
1662,400659.26011184836
1663,372189.5018028529
1664,415754.3919547855
1665,298987.42659522576
1666,322389.47492964007
1667,385926.26073763025
1668,328695.90855194506
1669,296524.3810595576
1670,334237.4946881817
1671,262636.71201230393
1672,413119.6771969595
1673,290759.0056864121
1674,242734.83686056838
1675,194459.19048517718
1676,191695.8758211812
1677,219837.23936055784
1678,459648.793520174
1679,386302.6451920285
1680,328298.3217571853
1681,243814.42168387398
1682,315846.7392878261
1683,186157.69118401897
1684,173999.94836211237
1685,173054.20951295446
1686,170352.51300494667
1687,171255.31569055477
1688,191325.33029454705
1689,195650.2398029151
1690,198274.7759872422
1691,183056.45888394176
1692,263541.44999213127
1693,168325.83949084787
1694,183233.64428524676
1695,168560.5903986779
1696,275003.20912705787
1697,173109.21982486587
1698,350019.76629069913
1699,327356.92995915684
1700,249790.48429097867
1701,265195.77236235805
1702,239656.74777267268
1703,239261.69185835906
1704,273565.1435251575
1705,236039.54288916904
1706,343060.80296830065
1707,214580.7566992928
1708,202124.5761074807
1709,267033.4364506146
1710,222607.58969497553
1711,264751.92228886863
1712,259247.94883903072
1713,271843.739462588
1714,223387.5076352756
1715,209934.91573934015
1716,186561.4968837855
1717,176121.1785584575
1718,136076.37305111322
1719,209227.58664697886
1720,238686.7186576561
1721,163891.93704067197
1722,126621.50533943156
1723,154451.46868574762
1724,199841.60416824938
1725,234585.447038934
1726,188743.19487855514
1727,155518.21945319336
1728,176346.94866725232
1729,167280.638353246
1730,156939.45571877537
1731,119699.88563111587
1732,130087.68079784182
1733,113791.82924097397
1734,123899.57627115269
1735,128321.85330867884
1736,115208.96163927564
1737,308407.0319771255
1738,234102.01397662365
1739,250024.12951968668
1740,209039.02482152087
1741,188292.306340105
1742,176831.97200818788
1743,178166.6683931196
1744,323515.5512345825
1745,214974.8185972372
1746,180805.28504820456
1747,218899.85721654352
1748,221445.83877372264
1749,153975.48565062808
1750,123131.10617055577
1751,239851.87643399098
1752,121754.65031332047
1753,146881.45074863377
1754,194380.15821631742
1755,170605.40273254414
1756,130561.92398742061
1757,123089.54580880467
1758,147722.52439869786
1759,153881.80403351274
1760,165078.75628176797
1761,140937.23595495324
1762,174091.443332803
1763,177092.56482738748
1764,118034.86085082508
1765,151396.42505120463
1766,182715.67219222558
1767,215866.78986363267
1768,145334.17158369513
1769,170137.3834002254
1770,153152.269546301
1771,125651.76339748198
1772,132059.62504360374
1773,128839.58262242452
1774,138928.84035084365
1775,143647.4385259235
1776,131163.54470215164
1777,113035.95991389283
1778,139326.89771453268
1779,120652.74317673415
1780,175335.96236198524
1781,130854.8164011044
1782,88547.87478053292
1783,141070.0203274833
1784,111454.98925255914
1785,123327.15738518402
1786,137218.74246544813
1787,166134.1636434394
1788,64081.470205960475
1789,100558.33939737681
1790,84896.50699534886
1791,182480.93493907046
1792,157163.63438747113
1793,129029.33334056668
1794,151742.15444141728
1795,137188.69535321885
1796,131893.72542143406
1797,119198.52038573474
1798,124835.36364943311
1799,110844.55164957797
1800,131962.17285644053
1801,128459.87779187266
1802,136863.20778548435
1803,147827.84085940866
1804,137504.2064434897
1805,140149.13120374226
1806,123064.01600284083
1807,133503.52275574615
1808,123332.9360682927
1809,125908.92459555832
1810,140167.745164899
1811,95009.06225713414
1812,99572.8540560364
1813,129049.38468846348
1814,104299.28667149127
1815,37322.008121675455
1816,96294.33450071141
1817,111017.61071147007
1818,157530.63358656186
1819,130372.8676732402
1820,51888.619821350556
1821,115783.67183380201
1822,156248.65425198397
1823,47695.20819494157
1824,125042.37598973319
1825,138658.762308684
1826,105336.31527593895
1827,103124.60432396988
1828,132793.9467059766
1829,115673.03631332102
1830,142444.97196288282
1831,145970.7965008629
1832,76010.38613282824
1833,144046.53171449338
1834,122484.29645471531
1835,120400.24887634222
1836,129708.6507870031
1837,107580.17191533839
1838,96288.22377130669
1839,101209.67845500288
1840,148078.6963365357
1841,136478.43449000872
1842,93033.92078691795
1843,131325.80948486945
1844,145767.4738214982
1845,145125.3970687436
1846,159175.77095910045
1847,165426.07823524295
1848,59028.20716208147
1849,107533.11523593937
1850,117469.1516364411
1851,155914.7445996591
1852,128347.78332844126
1853,128612.58820564205
1854,163865.89537165008
1855,151551.6283031949
1856,223176.58407460933
1857,150674.0370797897
1858,137762.2832577055
1859,120950.25495133614
1860,144206.20891886693
1861,120351.22534011902
1862,313753.238594523
1863,293439.24589562375
1864,293484.856525249
1865,339112.8418873535
1866,322711.2818237205
1867,229694.305182557
1868,290055.5147468373
1869,203157.92175720632
1870,226245.75617524426
1871,251364.47000558837
1872,173835.78782461103
1873,236425.60212547853
1874,148870.41925335093
1875,199150.9990664531
1876,196366.37426174516
1877,209455.28932402402
1878,205630.58012565397
1879,128454.07848396736
1880,133866.04702365337
1881,240318.35075815496
1882,249467.99182142506
1883,192166.49554089946
1884,205205.1941089346
1885,233036.9923248356
1886,288651.69862443773
1887,205358.63773544645
1888,262816.4520353021
1889,167120.91253417116
1890,117040.22411750788
1891,128791.74331713241
1892,99439.8970800633
1893,134124.15998920912
1894,121980.78092920278
1895,131959.89044756666
1896,127559.28773840336
1897,119777.40588910924
1898,116163.65948009538
1899,169207.11139647724
1900,154845.18660881606
1901,170586.451043465
1902,148882.52853371305
1903,222856.26806228713
1904,141785.7126157385
1905,196817.5550803117
1906,147155.14325556927
1907,204329.63535226145
1908,110540.13953701161
1909,135269.65181288696
1910,121079.76411090423
1911,217885.51598402974
1912,318736.73496046296
1913,145658.9680606122
1914,53030.96825711114
1915,315537.9349784626
1916,76256.21958046989
1917,247251.92798840688
1918,142393.40438000482
1919,172638.75231879574
1920,151600.9458561705
1921,372302.84969262755
1922,317786.30291602097
1923,235380.7189741071
1924,216926.4922332701
1925,198188.6365468797
1926,372173.9680811467
1927,132157.27361104128
1928,156909.6536801261
1929,124273.48210623744
1930,137253.14943511272
1931,142389.55965817848
1932,140267.11778131177
1933,178639.21676910657
1934,182261.8097738539
1935,172822.20128659133
1936,195689.06417715267
1937,185026.58104640967
1938,168288.09664760204
1939,235837.59885146876
1940,187477.63368846013
1941,173303.00421243743
1942,181371.8244910121
1943,209967.21110675283
1944,363060.854601812
1945,392166.1984027626
1946,141191.09825745143
1947,274436.6344559451
1948,163853.56866695537
1949,242439.1360506791
1950,185281.1404696744
1951,243101.20720447708
1952,206902.23432457703
1953,167286.66914520212
1954,183013.16266007346
1955,134670.4901599496
1956,286344.9572104717
1957,150024.7809497005
1958,284906.8993292263
1959,145766.74985394307
1960,120959.05564263265
1961,121627.52992065331
1962,99106.78315236111
1963,105954.1682785118
1964,108729.03672367598
1965,148471.53417737313
1966,142368.84198961986
1967,288582.874334098
1968,411131.99072079855
1969,383229.711659271
1970,426947.6996152731
1971,444364.4771602487
1972,373779.6603085445
1973,262193.64795605646
1974,329480.6320775989
1975,486559.9331032688
1976,270725.0170674966
1977,355243.59439578746
1978,362192.39836911485
1979,323266.2921670595
1980,205085.80925560126
1981,341390.181509504
1982,222628.2433155989
1983,207607.71766674236
1984,171391.40558220007
1985,229274.40720846233
1986,207618.78655889488
1987,181164.44820581502
1988,176026.70010093358
1989,193649.70484682824
1990,210964.05753725642
1991,229654.67567634993
1992,205522.20436926067
1993,168877.54358734528
1994,228091.4087225429
1995,185831.09493064237
1996,244555.65355354056
1997,296972.96237193194
1998,319935.51783200615
1999,269382.4883309107
2000,312392.5356394748
2001,273001.5832184553
2002,233238.78536321913
2003,256836.32117939493
2004,275804.06874358794
2005,222653.3433527567
2006,224529.4073874202
2007,250000.35371591858
2008,212871.54025149683
2009,197290.3296988495
2010,192079.0685257963
2011,138796.1591776573
2012,176298.5030469823
2013,181525.4001469292
2014,185293.5133609771
2015,205586.36455730637
2016,193905.96942287943
2017,195449.33433899246
2018,123234.5181309781
2019,132300.5313531209
2020,108685.70828470535
2021,107022.53473634175
2022,183167.90607451988
2023,140817.48449879698
2024,262078.9879630188
2025,365502.82314140693
2026,175237.8435557147
2027,159982.71956432014
2028,152979.424316144
2029,169385.7265840738
2030,269213.10311818175
2031,228352.16673101063
2032,253104.30557573424
2033,256095.6511329011
2034,169450.2479720326
2035,219851.16151281618
2036,200156.82431539675
2037,216176.1673869003
2038,310641.57312413567
2039,227274.8532614337
2040,290527.04315998976
2041,292617.29839501804
2042,204973.74026644207
2043,176165.98709083718
2044,168456.20119095
2045,214544.29008679054
2046,151131.8439119691
2047,143767.80875033396
2048,142656.28203914745
2049,142038.71542055768
2050,180054.41562286657
2051,105524.40349413206
2052,126179.7255392749
2053,150053.65951703527
2054,89843.12004086985
2055,156539.4594898894
2056,143914.58948556328
2057,119245.26987677341
2058,214520.08271579034
2059,136511.23902045653
2060,171698.9400840211
2061,172494.13855004296
2062,131638.92075442077
2063,118406.9059966847
2064,140564.6673283367
2065,118570.54936064268
2066,163951.7951374084
2067,108811.32351283597
2068,156184.16163320097
2069,88578.99118696056
2070,115511.20969498875
2071,96924.62062182806
2072,131162.56175800075
2073,137483.52952493474
2074,182862.70002066938
2075,148338.6303445157
2076,120197.10819463433
2077,155792.7069353403
2078,127132.27968361204
2079,136029.33945324773
2080,121958.68043145117
2081,125378.42227714964
2082,125209.15184960274
2083,148689.76421675153
2084,113500.80858121761
2085,120979.91547450381
2086,107172.01884701852
2087,125472.78424689897
2088,92599.63700330845
2089,82894.01236802805
2090,126531.65044127253
2091,119037.42270995514
2092,125966.27693637674
2093,128983.50038681559
2094,111504.03746134158
2095,148835.5236929575
2096,86116.9863925402
2097,101475.33241146935
2098,151678.29794106833
2099,53551.05830438114
2100,66613.62798405292
2101,120347.20936681202
2102,126290.67933538882
2103,110002.38475619908
2104,132320.40947861693
2105,132047.1388552528
2106,71005.69083378553
2107,203006.528564073
2108,115575.0390507297
2109,113640.73524147517
2110,122920.6892045419
2111,138593.45615528678
2112,136185.68372897504
2113,122981.64102556498
2114,118185.94056104537
2115,165121.18067686996
2116,108907.48182129378
2117,146726.69699342758
2118,123876.45825129801
2119,113894.41711649619
2120,114915.6992495493
2121,104022.05807910998
2122,117155.12531659975
2123,87419.24001540465
2124,156959.66322084982
2125,122598.1776822724
2126,153750.892602263
2127,164244.9305126174
2128,127220.92823473302
2129,98400.80510142313
2130,137985.1398921807
2131,143668.43868277056
2132,115213.60772864793
2133,124182.2682260746
2134,124418.83368597033
2135,101152.80493696003
2136,77270.11950724554
2137,111918.47708675895
2138,130581.50429387676
2139,152839.51294560664
2140,143856.49487254617
2141,158077.75347768996
2142,130922.27684840205
2143,148826.04994533476
2144,110484.11554189985
2145,138081.9457749195
2146,167581.00395369553
2147,145394.38453601397
2148,130918.31118918415
2149,144825.6843813553
2150,233095.309503395
2151,113465.82716535828
2152,166245.43945947158
2153,163396.65431950332
2154,103859.36180387672
2155,139033.04266255046
2156,254525.92679907693
2157,221564.9083417511
2158,236438.72291662867
2159,213050.54584273614
2160,178921.33339393057
2161,235953.73628870607
2162,379037.6536567085
2163,335923.6754444004
2164,246703.86645626277
2165,201261.29996458534
2166,155775.31918822142
2167,221960.8884710291
2168,198248.20593127122
2169,198364.3575674292
2170,218205.90567353021
2171,155683.00517479144
2172,132376.04824069064
2173,172685.15110902654
2174,226583.57924190423
2175,291163.5556779717
2176,312902.38276435813
2177,239902.5508095401
2178,208919.33570523304
2179,142902.65214115081
2180,211708.064263658
2181,192608.43216342747
2182,221267.42030223805
2183,189671.65210994202
2184,117867.02702751076
2185,129930.06759424966
2186,143851.8049779069
2187,155678.5113500775
2188,156092.1100113361
2189,258268.73047602762
2190,83823.18478710816
2191,85785.3795471526
2192,90343.27042767369
2193,113783.19633772613
2194,102638.73539365087
2195,106477.67942054837
2196,105287.2307316438
2197,117291.16537835261
2198,158904.29136274193
2199,175364.66330235533
2200,149402.1211657774
2201,148914.79614830491
2202,208157.08116524163
2203,132796.7567564078
2204,182741.5819506313
2205,121900.15772048797
2206,141988.87282433693
2207,229956.75679355123
2208,263641.57659143116
2209,243773.17110897342
2210,122507.54203729192
2211,121489.40087941964
2212,125461.63910928035
2213,109721.0580700673
2214,136719.36620291157
2215,106519.6238086312
2216,152928.75105857008
2217,81018.80469342018
2218,67543.18765580573
2219,65212.125037550315
2220,81982.10931712661
2221,314943.24652551336
2222,274918.47134612274
2223,281038.72705287096
2224,203933.4065714377
2225,121077.13444549446
2226,183202.83077144914
2227,192939.9768442889
2228,266088.77194891317
2229,246858.30507135624
2230,155312.66177109754
2231,212315.0323867423
2232,177111.38965599533
2233,176771.6926067235
2234,235383.2551483363
2235,217365.41370437082
2236,249882.3791878022
2237,310801.338458635
2238,204796.21117950114
2239,109449.7931616871
2240,160742.92679288922
2241,157625.79074332982
2242,121760.49557218084
2243,128882.19722990932
2244,107357.57664689042
2245,103551.65954468212
2246,139729.1567223223
2247,112235.1383456039
2248,119098.46420278838
2249,118404.23350907047
2250,130244.46156269393
2251,113805.13919041387
2252,174205.7041051267
2253,155692.25451191777
2254,180428.8202489484
2255,184529.63832082847
2256,178204.73678295445
2257,208729.180437666
2258,163274.93760814355
2259,178113.3984962618
2260,151741.08919021452
2261,194011.69534741752
2262,214209.47527845865
2263,363833.7852680531
2264,461041.9583468467
2265,166943.0841416089
2266,311684.53394603875
2267,375558.8682572269
2268,424033.6298665717
2269,149183.45255104578
2270,196681.38647073353
2271,220786.3588379031
2272,194620.13301061574
2273,165371.94267239232
2274,184143.03332025744
2275,159345.5890432174
2276,193450.29129163708
2277,183721.5499342363
2278,146778.52859158293
2279,133656.3299635722
2280,115930.1642399581
2281,167958.4571128928
2282,185451.6295241285
2283,109225.40237987366
2284,118758.08753957634
2285,142817.93617698058
2286,126198.80802244013
2287,364981.74098522676
2288,271205.98666175234
2289,373771.3911572231
2290,454168.98886856716
2291,332274.8123573554
2292,431643.80185342097
2293,474435.99735695374
2294,414036.9915131316
2295,463289.4487098845
2296,291003.8139955337
2297,345467.5159945307
2298,347116.1517552966
2299,361303.0233992166
2300,332412.0612504531
2301,305522.87044408655
2302,246789.13284828025
2303,241788.76824706924
2304,252312.92801273373
2305,190955.86283728693
2306,186877.11430573856
2307,195409.06451385433
2308,230860.61447478877
2309,278463.4946131522
2310,214862.76472393822
2311,196330.97238972937
2312,170797.97745514984
2313,172970.06181149316
2314,175302.7323789264
2315,177272.68326739056
2316,187164.77215580348
2317,193405.26622118134
2318,180637.9676361347
2319,185693.82733570432
2320,182938.78804505127
2321,243920.4636243036
2322,177714.1286671244
2323,190643.580032912
2324,178507.05234611896
2325,201429.0088366936
2326,172666.7140380298
2327,207648.38189358814
2328,222705.79078602928
2329,189804.23623096602
2330,181774.50906377728
2331,351320.5583947685
2332,401585.2407136047
2333,316654.82423281315
2334,257825.09174997863
2335,269640.6858542081
2336,312992.7066729838
2337,190958.99361278547
2338,261870.7404744215
2339,220450.3182356356
2340,373673.83288459637
2341,199638.54076509282
2342,231863.80355154836
2343,222757.69098160902
2344,220104.53337260126
2345,234013.24056188762
2346,214927.6853715259
2347,198300.29987679204
2348,244361.14168047905
2349,181715.18836455175
2350,299038.2293039875
2351,255715.1729040855
2352,254612.29598916226
2353,244759.61949982532
2354,141378.35397305086
2355,143600.26464227788
2356,149286.52773811275
2357,188391.0672757744
2358,194717.80847189415
2359,135377.6951744265
2360,114854.50162424025
2361,147504.99497397113
2362,257153.68381258333
2363,144598.1799951287
2364,156813.62695595718
2365,216530.13159334124
2366,194132.1673650931
2367,219746.71374159725
2368,210582.6081742892
2369,214341.27628928857
2370,169294.51116318477
2371,170120.23113148726
2372,193156.737726302
2373,281973.32495808153
2374,310935.0199723806
2375,251007.62998346196
2376,276376.04240512854
2377,355876.84142902755
2378,147028.06714000565
2379,200018.28285547183
2380,148231.42314727747
2381,171349.84655927555
2382,206234.19316584384
2383,205040.51093142736
2384,241341.8710362621
2385,163544.61911163226
2386,136731.01054916173
2387,137961.1726759975
2388,103921.21362124512
2389,118878.56226784113
2390,149203.3315861082
2391,144463.9698674094
2392,116851.34834896453
2393,167610.32829700204
2394,148474.98188787073
2395,202318.37888527746
2396,145186.32387165978
2397,215508.06001038317
2398,137051.3073759399
2399,66467.2210119171
2400,70291.36742444309
2401,124298.20029657416
2402,137303.7548779272
2403,143219.95598937626
2404,154490.34879236922
2405,162401.20621066293
2406,143917.24602148976
2407,127997.61431037566
2408,144898.19179411675
2409,124456.46281724854
2410,163305.71222386704
2411,116096.07329066317
2412,161685.2445035882
2413,134939.7738339608
2414,154142.66344148928
2415,132527.26190748822
2416,128707.76835890976
2417,133352.3171591265
2418,132361.49123765118
2419,128807.88801294658
2420,122299.07576379937
2421,148872.65620576256
2422,104142.24015328941
2423,117758.28650475357
2424,157506.03476843555
2425,187765.78233612902
2426,135272.81479096573
2427,132401.12831735343
2428,181762.10921417575
2429,116104.09468119412
2430,134285.43228038994
2431,113785.06778938234
2432,149474.10559483868
2433,151571.23933621545
2434,139969.3510571977
2435,149318.25154264862
2436,111566.45770844317
2437,106061.28498214122
2438,128986.24789466674
2439,102485.49154447335
2440,124544.20784627095
2441,90020.2106305398
2442,97950.89626209014
2443,126107.22988485976
2444,132627.39155307083
2445,89846.59443042047
2446,138549.58594240446
2447,174134.08353291257
2448,124128.55391467655
2449,115169.50558121612
2450,154525.39934925735
2451,122820.61845675048
2452,200093.44215437243
2453,92789.02521028249
2454,124488.34376499326
2455,117383.10164664807
2456,136313.18359962176
2457,136677.89110136722
2458,128357.2431327779
2459,108050.77969195101
2460,136250.8879064021
2461,126118.53489723224
2462,135807.1390629826
2463,126881.09817331436
2464,177125.7645799391
2465,142337.86573835913
2466,125131.2135230564
2467,144014.61795600332
2468,85398.19101620124
2469,83494.32759954869
2470,195316.76552796373
2471,219693.73078340627
2472,167564.73161640562
2473,124197.8592196091
2474,78659.66925639844
2475,203404.32575313872
2476,118068.34610223118
2477,122338.71414799425
2478,152643.0229949617
2479,110020.48341490152
2480,154321.1231128874
2481,124318.08464704402
2482,126924.39332167547
2483,115850.46285940286
2484,123214.2291453135
2485,124887.15747347243
2486,152935.08636021952
2487,169790.27910841192
2488,160236.26210892087
2489,152294.99597467986
2490,147877.40341091307
2491,95675.78321874933
2492,188879.827464996
2493,150518.42858601705
2494,142802.42274346706
2495,91025.31893512663
2496,243808.98335315543
2497,152792.26547359905
2498,110049.85595155096
2499,91409.17776517088
2500,126299.75458615397
2501,139039.02511434274
2502,145637.21179894556
2503,93525.74126520382
2504,176547.62576149814
2505,231370.3848338384
2506,256784.34862167525
2507,283844.9080972053
2508,257257.56408130703
2509,214449.7467845054
2510,218584.74274014693
2511,179542.7993236331
2512,210777.78860677956
2513,213683.63981429208
2514,263316.1431755412
2515,152953.5131173241
2516,172961.81532760191
2517,147572.8669476582
2518,156113.53162388346
2519,232637.97453826197
2520,209491.83864597106
2521,191054.59640499103
2522,221907.00423384653
2523,120208.81503302034
2524,136350.76329351382
2525,150969.12260716278
2526,137820.74782479406
2527,121250.6310814515
2528,128569.90533375069
2529,136305.14408768993
2530,123708.12708447727
2531,254964.96102999742
2532,226220.1231334651
2533,196086.24056454725
2534,233930.02390305433
2535,297835.5287467665
2536,235179.55559721388
2537,239632.70308097303
2538,181131.8512226992
2539,188490.1749680511
2540,179749.93176400056
2541,182301.97324996526
2542,167089.66221253778
2543,123519.71597884521
2544,117601.95298514224
2545,130703.8163458347
2546,122981.67747766979
2547,132659.43822187535
2548,155707.30012677665
2549,158890.71992681007
2550,437284.72611874243
2551,141388.4610540346
2552,126235.69766612882
2553,80402.62465159169
2554,93855.7497968595
2555,119475.53297417662
2556,100181.95561741183
2557,106753.76084041751
2558,149141.10118107047
2559,144614.45476293704
2560,146658.86684693035
2561,144151.0546139876
2562,136599.35605451392
2563,150599.72743666684
2564,195197.3474577111
2565,144105.03315915694
2566,166036.96134012824
2567,143106.1323888783
2568,198336.78861141126
2569,229801.24901777421
2570,116864.15996865062
2571,193105.73632692624
2572,148039.35716037534
2573,220473.82853600278
2574,298822.98884906503
2575,137737.73493466593
2576,120907.63951732458
2577,153985.0516210634
2578,81611.82048725987
2579,63899.68591004892
2580,90970.42818873783
2581,98835.72363813606
2582,106898.22345434457
2583,287015.330395568
2584,166396.15835260815
2585,185376.74273895484
2586,216499.61948740226
2587,195500.5944783391
2588,140060.63304809108
2589,151012.61052493748
2590,199351.49855328142
2591,220899.8795220584
2592,210203.90720807758
2593,251042.86790560334
2594,178794.14145683148
2595,197692.84743304888
2596,286853.82501233695
2597,183487.49248047906
2598,282879.6069437152
2599,323448.41468356154
2600,148354.9511293551
2601,145544.36916038478
2602,85482.44252126338
2603,97028.55138065798
2604,89788.1288193025
2605,81695.81920186897
2606,146749.4501433416
2607,198699.24595131562
2608,196890.8802363436
2609,173511.21214866955
2610,104673.02470841499
2611,128771.50428665953
2612,158358.06759893324
2613,132531.95566277645
2614,128446.59155091782
2615,153621.47837407998
2616,146457.0272927688
2617,178444.52666795367
2618,177344.2600733661
2619,191699.19185046174
2620,188000.55078824834
2621,176422.240500084
2622,180585.03627506658
2623,248236.07680089228
2624,300828.67803424527
2625,306641.94663628057
2626,172654.74469531138
2627,167033.4723665803
2628,519088.20245877793
2629,504373.9544929948
2630,396453.23397991405
2631,472367.6042010856
2632,433160.21814204985
2633,311622.29076020495
2634,419042.78804335237
2635,161376.6037981662
2636,177940.7080279961
2637,181039.63483342621
2638,262725.3474286911
2639,190319.25115832992
2640,148840.38798607312
2641,105872.52994781618
2642,189601.50986019048
2643,104159.44709091994
2644,122261.86307327391
2645,111303.78794143116
2646,99401.37365771498
2647,107245.3988041031
2648,144870.91367381765
2649,156632.5130124914
2650,135388.5713810488
2651,145554.4580940422
2652,401944.30693648173
2653,254283.8114962378
2654,253201.97280411606
2655,408127.77648510766
2656,328101.0084533778
2657,351892.5415481821
2658,318550.27825753094
2659,319107.5595909084
2660,361062.5211451485
2661,356445.472035938
2662,364647.9129351861
2663,284515.853332865
2664,270066.84653492825
2665,319049.15026074025
2666,279001.12986349844
2667,168221.9846256552
2668,177466.00128526377
2669,176527.85105370136
2670,278187.5441846863
2671,185068.0350829237
2672,196932.18526130714
2673,203728.54346485835
2674,196616.4779748097
2675,175919.72665751466
2676,190514.67354578662
2677,195907.12849810417
2678,239149.1751308279
2679,269531.5363775143
2680,283615.53319967206
2681,400961.17968887626
2682,317822.96564710676
2683,518134.9132294419
2684,314632.1570457038
2685,331115.1174180727
2686,248550.01015002312
2687,294582.2439978207
2688,212623.51819875
2689,208158.37601302433
2690,408336.3209045387
2691,192395.6663214556
2692,137128.89380190935
2693,192216.53536715396
2694,137382.43005519078
2695,194758.25064506414
2696,184720.6951384218
2697,187124.22271915307
2698,191400.80143685135
2699,169193.5588124248
2700,156443.59354458624
2701,153163.12613851737
2702,117868.42449989128
2703,129784.8899921595
2704,138035.80406902177
2705,121876.04534223943
2706,118078.1186824867
2707,126587.72466553679
2708,135601.26067001303
2709,105243.34438458148
2710,132155.80685425198
2711,265100.36077995604
2712,398924.2267365829
2713,171035.54833907282
2714,153774.50061084493
2715,173030.09221636757
2716,147179.79759415286
2717,188191.54215245065
2718,213838.37695448138
2719,152482.90636624166
2720,173240.20573057537
2721,135666.93040687527
2722,163932.06475328692
2723,145667.81270186303
2724,131672.47545340724
2725,132627.5613065009
2726,150914.8595902132
2727,175904.52236964463
2728,172751.32462770052
2729,151452.6845240719
2730,145365.5912061032
2731,133333.3064494691
2732,130928.76915981759
2733,159474.26741889832
2734,143419.87756462957
2735,138756.5420581289
2736,140953.46870285494
2737,122107.14565474754
2738,139077.56991884872
2739,161525.1585551938
2740,140904.37934913818
2741,151455.83812555275
2742,153973.9708397267
2743,156083.86431520394
2744,162234.2369273521
2745,140611.88451731138
2746,141623.93556947345
2747,145656.59990106625
2748,126742.84515689232
2749,132693.9112962145
2750,132857.2998484934
2751,138781.7501748626
2752,185417.2467812303
2753,146262.7066282032
2754,215679.70515989736
2755,139825.836994822
2756,96112.99742685759
2757,75116.399269108
2758,89848.44254848764
2759,161384.6531667323
2760,126794.005587229
2761,144990.94400465497
2762,145880.88359375318
2763,183086.73569214283
2764,147089.06201525437
2765,285795.66901365586
2766,122601.14455802913
2767,90236.11654290032
2768,130696.00707508693
2769,135891.70220292982
2770,141580.28239369972
2771,107469.20004889848
2772,111817.2959589954
2773,173432.7042126753
2774,144568.2846406688
2775,112016.88903419934
2776,142570.6489572378
2777,146936.01470642936
2778,97876.77130307921
2779,127741.77667308894
2780,98280.19671412994
2781,94263.15150409193
2782,103007.41547559637
2783,106278.23072953215
2784,121458.25354435295
2785,139444.8353538781
2786,69600.22478053092
2787,120031.75733647926
2788,76439.84911133758
2789,171135.95517968552
2790,96771.63488727312
2791,111698.58886553893
2792,52670.98171710158
2793,149470.01799186892
2794,100434.67501637903
2795,121038.76207943393
2796,99875.1632112381
2797,206577.44565500505
2798,104198.41702294868
2799,119254.5300748519
2800,69634.97931024582
2801,111434.33710571092
2802,133073.57589257168
2803,162103.58375434644
2804,132620.11108043275
2805,100428.87418878388
2806,85705.4138758378
2807,174426.65155154467
2808,150756.78973227114
2809,135908.89320375476
2810,132874.41807919586
2811,156834.96261747784
2812,165023.8474760407
2813,160218.02948721216
2814,160154.67445813675
2815,93959.51023826086
2816,235605.2017106694
2817,153969.95330207708
2818,133830.44448610683
2819,167487.82320527986
2820,135296.73585367747
2821,112604.3647466863
2822,188975.54476272126
2823,326235.2081219785
2824,173278.7745076372
2825,148306.68015560615
2826,132376.792690936
2827,137521.17481740567
2828,213146.18008324842
2829,210485.14879401735
2830,227259.1428990115
2831,173814.61414396012
2832,246477.05436117915
2833,299823.2895755106
2834,221790.3659770228
2835,222827.62995082047
2836,189212.3274352597
2837,154409.08107836518
2838,149257.87852543403
2839,175520.0869114409
2840,205357.99269817545
2841,204360.83480223734
2842,227109.08270202178
2843,148200.75209498333
2844,167487.2332861446
2845,126646.18721816043
2846,208561.75258988715
2847,204181.19390987235
2848,213774.64478169195
2849,199561.30797520094
2850,278630.05017204914
2851,212110.00762754338
2852,235615.48944656274
2853,233499.3378456397
2854,140763.75190991952
2855,202215.0896016295
2856,200301.5459298467
2857,189846.2718697363
2858,201874.21553789507
2859,114430.98735788405
2860,126176.5180101914
2861,122408.3221648099
2862,185724.92603694697
2863,126338.34677399062
2864,242676.11914075192
2865,143093.1318337942
2866,138653.66895738625
2867,104271.68546085824
2868,99099.77132364402
2869,103401.23048064543
2870,117441.97286338906
2871,88116.4345925533
2872,54104.17517727322
2873,98938.92677385954
2874,138890.1089427455
2875,122813.74115267304
2876,162524.7628124506
2877,144832.024671628
2878,172519.11869394904
2879,141875.02547919544
2880,106710.83670763859
2881,145889.93820403752
2882,177555.2701555041
2883,199682.32961217748
2884,196772.73013876297
2885,188854.4805457598
2886,239326.87571112337
2887,98277.25328707598
2888,144885.20775912018
2889,57289.583904478
2890,87780.09204951576
2891,139351.35179292716
2892,40098.61013278661
2893,72703.65745784815
2894,49784.42956763863
2895,341518.6359846711
2896,278123.137635978
2897,206381.90714603942
2898,146473.66983687753
2899,208849.76802361282
2900,160379.47526203975
2901,208797.3213202226
2902,169124.46289635613
2903,327550.5290827697
2904,343107.7282785666
2905,82527.57245873597
2906,198467.2436943563
2907,114110.38257888418
2908,136162.85436073982
2909,146892.46476369313
2910,80543.53541021311
2911,81398.89866397947
2912,147226.57022088786
2913,83220.79901275181
2914,80219.61408776062
2915,86279.28015789026
2916,83219.17353335518
2917,170754.15148036298
2918,120507.95492393702
2919,216240.91411116844
